23 21 2F 75 73 72 2F 62 69 6E 2F 65 6E 76 20 70 
79 74 68 6F 6E 33 0A 0A 69 6D 70 6F 72 74 20 61 
72 67 70 61 72 73 65 0A 69 6D 70 6F 72 74 20 73 
79 73 0A 0A 70 61 72 73 65 72 20 3D 20 61 72 67 
70 61 72 73 65 2E 41 72 67 75 6D 65 6E 74 50 61 
72 73 65 72 28 29 0A 70 61 72 73 65 72 2E 61 64 
64 5F 61 72 67 75 6D 65 6E 74 28 22 6B 65 79 22 
29 0A 61 72 67 73 20 3D 20 70 61 72 73 65 72 2E 
70 61 72 73 65 5F 61 72 67 73 28 29 0A 0A 53 55 
42 20 3D 20 5B 30 2C 20 31 2C 20 31 2C 20 30 2C 
20 31 2C 20 30 2C 20 31 2C 20 30 5D 0A 4E 5F 42 
20 3D 20 33 32 0A 4E 20 3D 20 38 20 2A 20 4E 5F 
42 0A 0A 23 20 4E 65 78 74 20 6B 65 79 73 74 72 
65 61 6D 0A 64 65 66 20 73 74 65 70 28 78 29 3A 
0A 20 20 78 20 3D 20 28 78 20 26 20 31 29 20 3C 
3C 20 4E 2B 31 20 7C 20 78 20 3C 3C 20 31 20 7C 
20 78 20 3E 3E 20 4E 2D 31 0A 20 20 79 20 3D 20 
30 0A 20 20 66 6F 72 20 69 20 69 6E 20 72 61 6E 
67 65 28 4E 29 3A 0A 20 20 20 20 79 20 7C 3D 20 
53 55 42 5B 28 78 20 3E 3E 20 69 29 20 26 20 37 
5D 20 3C 3C 20 69 0A 20 20 72 65 74 75 72 6E 20 
79 0A 0A 23 20 4B 65 79 73 74 72 65 61 6D 20 69 
6E 69 74 0A 6B 65 79 73 74 72 20 3D 20 69 6E 74 
2E 66 72 6F 6D 5F 62 79 74 65 73 28 61 72 67 73 
2E 6B 65 79 2E 65 6E 63 6F 64 65 28 29 2C 27 6C 
69 74 74 6C 65 27 29 0A 66 6F 72 20 69 20 69 6E 
20 72 61 6E 67 65 28 4E 2F 2F 32 29 3A 0A 20 20 
6B 65 79 73 74 72 20 3D 20 73 74 65 70 28 6B 65 
79 73 74 72 29 0A 0A 23 20 45 6E 63 72 79 70 74 
2F 64 65 63 72 79 70 74 20 73 74 64 69 6E 32 73 
74 64 6F 75 74 20 0A 70 6C 61 69 6E 74 65 78 74 
20 3D 20 73 79 73 2E 73 74 64 69 6E 2E 62 75 66 
