Bit 1 [1, 2, 4, 6]
Bit 2 [1, 6, 10, 14]
Bit 3 [1, 14, 22, 30]
Bit 4 [14, 22, 33, 54]
Bit 5 [22, 33, 78, 97]
Bit 6 [33, 78, 150, 206]
Bit 7 [78, 150, 289, 406]
Bit 8 [150, 289, 590, 801]
Bit 9 [289, 590, 1174, 1614]
Bit 10 [590, 1174, 2337, 3222]
Bit 11 [1174, 2337, 4686, 6433]
Bit 12 [2337, 4686, 9366, 12878]
Bit 13 [4686, 9366, 18721, 25750]
Bit 14 [4686, 25750, 42134, 58518]
Bit 15 [25750, 42134, 70222, 107670]
Bit 16 [25750, 107670, 173206, 238742]
Bit 17 [107670, 173206, 287894, 435350]
Bit 18 [173206, 287894, 631958, 812182]
Bit 19 [287894, 631958, 1221782, 1680534]
Bit 20 [631958, 1221782, 2385046, 3318934]
Bit 21 [631958, 3318934, 5416086, 7513238]
Bit 22 [631958, 7513238, 11707542, 15901846]
Bit 23 [7513238, 11707542, 17409174, 28484758]
Bit 24 [7513238, 28484758, 45261974, 62039190]
Bit 25 [28484758, 45261974, 74622102, 112370838]
Bit 26 [28484758, 112370838, 179479702, 246588566]
Bit 27 [28484758, 246588566, 380806294, 515024022]
Bit 28 [246588566, 380806294, 565355670, 917677206]
Bit 29 [246588566, 917677206, 1454548118, 1991419030]
Bit 30 [246588566, 1991419030, 3065160854, 4138902678]
Bit 31 [246588566, 4138902678, 6286386326, 8433869974]
Bit 32 [246588566, 8433869974, 12728837270, 17023804566]
Bit 33 [8433869974, 12728837270, 17426457750, 29908706454]
Bit 34 [12728837270, 17426457750, 42793608342, 51786196118]
Bit 35 [12728837270, 51786196118, 86145934486, 120505672854]
Bit 36 [51786196118, 86145934486, 150167790742, 223584887958]
Bit 37 [86145934486, 150167790742, 326664103062, 425045697686]
Bit 38 [86145934486, 425045697686, 699923604630, 974801511574]
Bit 39 [86145934486, 974801511574, 1524557325462, 2074313139350]
Bit 40 [86145934486, 2074313139350, 3173824767126, 4273336394902]
Bit 41 [2074313139350, 3173824767126, 4484192445590, 7571871278230]
Bit 42 [2074313139350, 7571871278230, 11969917789334, 16367964300438]
Bit 43 [2074313139350, 16367964300438, 25164057322646, 33960150344854]
Bit 44 [2074313139350, 33960150344854, 51552336389270, 69144522433686]
Bit 45 [33960150344854, 51552336389270, 72443057317014, 121921080566934]
Bit 46 [33960150344854, 121921080566934, 192289824744598, 262658568922262]
Bit 47 [33960150344854, 262658568922262, 403396057277590, 544133545632918]
Bit 48 [33960150344854, 544133545632918, 825608522343574, 1107083499054230]
Bit 49 [544133545632918, 825608522343574, 1159860057187478, 1951508429186198]
Bit 50 [544133545632918, 1951508429186198, 3077408336028822, 4203308242871446]
Bit 51 [1951508429186198, 3077408336028822, 5047733173003414, 7581007963399318]
Bit 52 [3077408336028822, 5047733173003414, 10958707683927190, 14054932427744406]
Bit 53 [5047733173003414, 10958707683927190, 21091806845510806, 28973106193409174]
Bit 54 [10958707683927190, 21091806845510806, 41076530191967382, 57120603864474774]
Bit 55 [10958707683927190, 57120603864474774, 93149400883438742, 129178197902402710]
Bit 56 [57120603864474774, 93149400883438742, 155073895759783062, 237264588959294614]
Bit 57 [93149400883438742, 155073895759783062, 345350980016186518, 443304271911494806]
Bit 58 [155073895759783062, 345350980016186518, 669610153186862230, 921811732319610006]
Bit 59 [345350980016186518, 669610153186862230, 1307995400366630038, 1822531657793709206]
Bit 60 [669610153186862230, 1307995400366630038, 2651193989229880470, 3613838409580323990]
Bit 61 [1307995400366630038, 2651193989229880470, 5281296171614250134, 7262880007657268374]
Bit 62 [1307995400366630038, 7262880007657268374, 11874566026084656278, 16486252044512044182]
Bit 63 [1307995400366630038, 16486252044512044182, 25709624081366819990, 34932996118221595798]
Bit 64 [16486252044512044182, 25709624081366819990, 38201483547785733270, 62603112228785923222]
Bit 65 [16486252044512044182, 62603112228785923222, 99496600376205026454, 136390088523624129686]
Bit 66 [62603112228785923222, 99496600376205026454, 164060204634188457110, 247070552965881439382]
Bit 67 [99496600376205026454, 164060204634188457110, 357751017408138749078, 459208109813541282966]
Bit 68 [99496600376205026454, 459208109813541282966, 754356014992894108822, 1049503920172246934678]
Bit 69 [459208109813541282966, 754356014992894108822, 1280088221093616329878, 1934947635710305412246]
Bit 70 [459208109813541282966, 1934947635710305412246, 3115539256427716715670, 4296130877145128019094]
Bit 71 [459208109813541282966, 4296130877145128019094, 6657314118579950625942, 9018497360014773232790]
Bit 72 [4296130877145128019094, 6657314118579950625942, 9903941075552831710358, 16102047084319241053334]
Bit 73 [6657314118579950625942, 9903941075552831710358, 23185596808623708873878, 28793407007031412565142]
Bit 74 [9903941075552831710358, 23185596808623708873878, 44436245981537112335510, 60964528671580870583446]
Bit 75 [9903941075552831710358, 60964528671580870583446, 98743460534538032293014, 136522392397495194002582]
Bit 76 [60964528671580870583446, 98743460534538032293014, 161019668527381478548630, 249859187986366679131286]
Bit 77 [60964528671580870583446, 249859187986366679131286, 400974915438195325969558, 552090642890023972807830]
Bit 78 [60964528671580870583446, 552090642890023972807830, 854322097793681266484374, 1156553552697338560160918]
Bit 79 [60964528671580870583446, 1156553552697338560160918, 1761016462504653147514006, 2365479372311967734867094]
Bit 80 [60964528671580870583446, 2365479372311967734867094, 3574405191926596909573270, 4783331011541226084279446]
Bit 81 [2365479372311967734867094, 3574405191926596909573270, 4896667807130097569408150, 8410108470385113608397974]
Bit 82 [2365479372311967734867094, 8410108470385113608397974, 13245811748843630307222678, 18081515027302147006047382]
Bit 83 [8410108470385113608397974, 13245811748843630307222678, 21708292486146034530165910, 32588624862677697102521494]
Bit 84 [8410108470385113608397974, 32588624862677697102521494, 51931437976511763897820310, 71274251090345830693119126]
Bit 85 [32588624862677697102521494, 51931437976511763897820310, 85781360925721380789593238, 129302690431848031079015574]
Bit 86 [32588624862677697102521494, 129302690431848031079015574, 206673942887184298260210838, 284045195342520565441406102]
Bit 87 [32588624862677697102521494, 284045195342520565441406102, 438787700253193099803796630, 593530205163865634166187158]
Bit 88 [32588624862677697102521494, 593530205163865634166187158, 903015214985210702890968214, 1212500224806555771615749270]
Bit 89 [593530205163865634166187158, 903015214985210702890968214, 1270528664148057972001645718, 2140955254270590977790092438]
Bit 90 [903015214985210702890968214, 1270528664148057972001645718, 3069410283734626183964435606, 3746408742718818521799894166]
Bit 91 [1270528664148057972001645718, 3069410283734626183964435606, 5854775372126731802487465110, 8021170440876147283560932502]
Bit 92 [3069410283734626183964435606, 5854775372126731802487465110, 11174048978431100171194639510, 15758295686409774001680458902]
Bit 93 [3069410283734626183964435606, 15758295686409774001680458902, 25661816000692816200873452694, 35565336314975858400066446486]
Bit 94 [15758295686409774001680458902, 25661816000692816200873452694, 42683491540866794980736410774, 65275897257824984997645427862]
Bit 95 [15758295686409774001680458902, 65275897257824984997645427862, 104889978514957153794417403030, 144504059772089322591189378198]
Bit 96 [15758295686409774001680458902, 144504059772089322591189378198, 223732222286353660184733328534, 302960384800617997778277278870]
Bit 97 [144504059772089322591189378198, 223732222286353660184733328534, 332670945743467124375856260246, 540644872343411010558909129878]
Bit 98 [144504059772089322591189378198, 540644872343411010558909129878, 857557522400468360933084931222, 1174470172457525711307260732566]
Bit 99 [144504059772089322591189378198, 1174470172457525711307260732566, 1808295472571640412055612335254, 2442120772685755112803963937942]
Bit 100 [144504059772089322591189378198, 2442120772685755112803963937942, 3709771372913984514300667143318, 4977421973142213915797370348694]
Bit 101 [144504059772089322591189378198, 4977421973142213915797370348694, 7512723173598672718790776759446, 10048024374055131521784183170198]
Bit 102 [4977421973142213915797370348694, 7512723173598672718790776759446, 10285708861597924534564815021206, 17653927975424507930764402402454]
Bit 103 [4977421973142213915797370348694, 17653927975424507930764402402454, 27795132777250343142738028045462, 37936337579076178354711653688470]
Bit 104 [17653927975424507930764402402454, 27795132777250343142738028045462, 45542241180445554763691872920726, 68359951984553683990632530617494]
Bit 105 [17653927975424507930764402402454, 68359951984553683990632530617494, 108924771191857024838527033189526, 149489590399160365686421535761558]
Bit 106 [17653927975424507930764402402454, 149489590399160365686421535761558, 230619228813767047382210540905622, 311748867228373729077999546049686]
Bit 107 [17653927975424507930764402402454, 311748867228373729077999546049686, 474008144057587092469577556337814, 636267420886800455861155566625942]
Bit 108 [311748867228373729077999546049686, 474008144057587092469577556337814, 666691035292277961497076443554966, 1123045251374440546035889597490326]
Bit 109 [474008144057587092469577556337814, 666691035292277961497076443554966, 1609823081862080636210623628354710, 1964765249925984868629700525859990]
Bit 110 [474008144057587092469577556337814, 1964765249925984868629700525859990, 3262839464559691775762324608165014, 4560913679193398682894948690470038]
Bit 111 [474008144057587092469577556337814, 4560913679193398682894948690470038, 7157062108460812497160196855080086, 9753210537728226311425445019690134]
Bit 112 [474008144057587092469577556337814, 9753210537728226311425445019690134, 14945507396263053939955941348910230, 20137804254797881568486437678130326]
Bit 113 [9753210537728226311425445019690134, 14945507396263053939955941348910230, 21243195578196897606591562873218198, 35714694830402364454077926665790614]
Bit 114 [14945507396263053939955941348910230, 21243195578196897606591562873218198, 51291585406006847339669415653450902, 62781570446475518634835533506978966]
Bit 115 [14945507396263053939955941348910230, 62781570446475518634835533506978966, 104319945314754139663079504140739734, 145858320183032760691323474774500502]
Bit 116 [14945507396263053939955941348910230, 145858320183032760691323474774500502, 228935069919590002747811416042022038, 312011819656147244804299357309543574]
Bit 117 [145858320183032760691323474774500502, 228935069919590002747811416042022038, 347252506342492022165907706418996374, 561242068865818970973763181112108182]
Bit 118 [228935069919590002747811416042022038, 347252506342492022165907706418996374, 810472318075490697143227004914672790, 1011866504234949958617811236559168662]
Bit 119 [228935069919590002747811416042022038, 1011866504234949958617811236559168662, 1676480502127407895069714766699340950, 2341094500019865831521618296839513238]
Bit 120 [228935069919590002747811416042022038, 2341094500019865831521618296839513238, 3670322495804781704425425357119857814, 4999550491589697577329232417400202390]
Bit 121 [2341094500019865831521618296839513238, 3670322495804781704425425357119857814, 5545847053059253494363039657163400342, 8987234478944445196040653598241236118]
Bit 122 [2341094500019865831521618296839513238, 8987234478944445196040653598241236118, 14304146462084108687655881839362614422, 19621058445223772179271110080483992726]
Bit 123 [8987234478944445196040653598241236118, 14304146462084108687655881839362614422, 23608742432578519797982531261325026454, 35571794394642762654116794803848127638]
Bit 124 [14304146462084108687655881839362614422, 23608742432578519797982531261325026454, 51522530344061753128962479527212262550, 66144038297695827730904357190296052886]
Bit 125 [23608742432578519797982531261325026454, 51522530344061753128962479527212262550, 99374738192318724553499533697304667286, 136593122074296368994806131385154315414]
Bit 126 [23608742432578519797982531261325026454, 136593122074296368994806131385154315414, 221663713804530984860649783243096368278, 306734305534765600726493435101038421142]
Bit 127 [23608742432578519797982531261325026454, 306734305534765600726493435101038421142, 476875488995234832458180738816922526870, 647016672455704064189868042532806632598]
Bit 128 [306734305534765600726493435101038421142, 476875488995234832458180738816922526870, 704173476274455446724731746124861449366, 1157440222837111759384929953680458949782]
Bit 129 [306734305534765600726493435101038421142, 1157440222837111759384929953680458949782, 1838004956678988686311679168543995372694, 2518569690520865613238428383407531795606]
Bit 130 [1157440222837111759384929953680458949782, 1838004956678988686311679168543995372694, 3028993240902273308433490294555184112790, 4560263892046496394018676027998141064342]
Bit 131 [1838004956678988686311679168543995372694, 3028993240902273308433490294555184112790, 6601958093572127174798923672588750333078, 8473511111637288723847484013463475496086]
Bit 132 [3028993240902273308433490294555184112790, 6601958093572127174798923672588750333078, 12727040698149019517139666606360578139286, 17490993835042158005626911110405333099670]
Bit 133 [6601958093572127174798923672588750333078, 12727040698149019517139666606360578139286, 24807064723842334970089465170188349645974, 34505112181089081178795641481993743672470]
Bit 134 [12727040698149019517139666606360578139286, 24807064723842334970089465170188349645974, 50158101059452250498110873423855081399446, 68363207689722458293401414921454680712342]
Bit 135 [12727040698149019517139666606360578139286, 68363207689722458293401414921454680712342, 111919350655602581616713364672721011778710, 155475493621482704940025314423987342845078]
Bit 136 [68363207689722458293401414921454680712342, 111919350655602581616713364672721011778710, 186951612561669512810387465611425902404758, 286143922519123074909961163677786336044182]
Bit 137 [111919350655602581616713364672721011778710, 186951612561669512810387465611425902404758, 416812351416763444879897012931585329243286, 535400756288710499396883063621556550935702]
Bit 138 [186951612561669512810387465611425902404758, 416812351416763444879897012931585329243286, 808817638109684554789704560692982308840598, 1113710638870845418052888208951846626305174]
Bit 139 [186951612561669512810387465611425902404758, 1113710638870845418052888208951846626305174, 1810608926324927391225879404972107923367062, 2507507213779009364398870600992369220428950]
Bit 140 [1113710638870845418052888208951846626305174, 1810608926324927391225879404972107923367062, 2974544762377997405502352249692471090652310, 4598202076141255283917844189053153111614614]
Bit 141 [1810608926324927391225879404972107923367062, 2974544762377997405502352249692471090652310, 6688896938503501203436817777113937002800278, 8549731062010653190886281817854561467147414]
Bit 142 [2974544762377997405502352249692471090652310, 6688896938503501203436817777113937002800278, 12960981525590238961993738541296288676357270, 17839269537768812774204676913438117755790486]
Bit 143 [2974544762377997405502352249692471090652310, 17839269537768812774204676913438117755790486, 28989642137034124344972536049762298508780694, 40140014736299435915740395186086479261770902]
Bit 144 [2974544762377997405502352249692471090652310, 40140014736299435915740395186086479261770902, 62440759934830059057276113458734840767751318, 84741505133360682198811831731383202273731734]
Bit 145 [40140014736299435915740395186086479261770902, 62440759934830059057276113458734840767751318, 92177525556500489971645225340285917114573974, 151643740728952551623418986549328286791672982]
Bit 146 [40140014736299435915740395186086479261770902, 151643740728952551623418986549328286791672982, 240846721523075044189561859639921732815594646, 330049702317197536755704732730515178839516310]
Bit 147 [40140014736299435915740395186086479261770902, 330049702317197536755704732730515178839516310, 508455663905442521887990478911702070887359638, 686861625493687507020276225092888962935202966]
Bit 148 [330049702317197536755704732730515178839516310, 508455663905442521887990478911702070887359638, 753763861089279376444883379910834047453144214, 1222079510258422462417133463636449639078732950]
Bit 149 [508455663905442521887990478911702070887359638, 753763861089279376444883379910834047453144214, 1757297395023157417813990702180010315222262934, 2181011553795239257503169349360329183835890838]
Bit 150 [753763861089279376444883379910834047453144214, 1757297395023157417813990702180010315222262934, 3362951049317362284004562417810692343652852886, 4611792780435077179930562641079000587987756182]
Bit 151 [753763861089279376444883379910834047453144214, 4611792780435077179930562641079000587987756182, 7466288165846996942047134579977990860753249430, 10320783551258916704163706518876981133518742678]
Bit 152 [4611792780435077179930562641079000587987756182, 7466288165846996942047134579977990860753249430, 12171745402736958424911171135506795138515117206, 18884269707494675990513422335573951951815222422]
Bit 153 [4611792780435077179930562641079000587987756182, 18884269707494675990513422335573951951815222422, 30302251249142355038979710091169913042877195414, 41720232790790034087445997846765874133939168406]
Bit 154 [4611792780435077179930562641079000587987756182, 41720232790790034087445997846765874133939168406, 64556195874085392184378573357957796316063114390, 87392158957380750281311148869149718498187060374]
Bit 155 [41720232790790034087445997846765874133939168406, 64556195874085392184378573357957796316063114390, 95955645113616509567660864685846689316483540118, 155900048207266824572108875402725485044558898326]
Bit 156 [64556195874085392184378573357957796316063114390, 95955645113616509567660864685846689316483540118, 224407937457152898862906601936301251590930736278, 278643349779979374343121468775382066773475107990]
Bit 157 [64556195874085392184378573357957796316063114390, 278643349779979374343121468775382066773475107990, 461331054446342239118582072864917444230466675862, 644018759112705103894042676954452821687458243734]
Bit 158 [278643349779979374343121468775382066773475107990, 461331054446342239118582072864917444230466675862, 795307014539536851286220989716099306144029385878, 1192081873111793698220424489223058954058432947350]
Bit 159 [278643349779979374343121468775382066773475107990, 1192081873111793698220424489223058954058432947350, 1922832691777245157322266905581200463886399218838, 2653583510442696616424109321939341973714365490326]
Bit 160 [1192081873111793698220424489223058954058432947350, 1922832691777245157322266905581200463886399218838, 3201646624441785210750491134207948106085340193942, 4845835966439050993729636571013766503198264304790]
Bit 161 [1922832691777245157322266905581200463886399218838, 3201646624441785210750491134207948106085340193942, 7038088422435405371035163820088191032682163119254, 9047653173765396883565230465073080184709070365846]
Bit 162 [3201646624441785210750491134207948106085340193942, 7038088422435405371035163820088191032682163119254, 13614845790424468502951745567311464621133859562646, 18730101521082628716664642481818455189929623463062]
Bit 163 [3201646624441785210750491134207948106085340193942, 18730101521082628716664642481818455189929623463062, 30422114619729852062294121143548719347177083806870, 42114127718377075407923599805278983504424544150678]
Bit 164 [18730101521082628716664642481818455189929623463062, 30422114619729852062294121143548719347177083806870, 49969699019030678593268405781129004735075181569174, 77190167014318745444812035790469775976166925182102]
Bit 165 [18730101521082628716664642481818455189929623463062, 77190167014318745444812035790469775976166925182102, 123958219408907638827329950437390832605156766557334, 170726271803496532209847865084311889234146607932566]
Bit 166 [77190167014318745444812035790469775976166925182102, 123958219408907638827329950437390832605156766557334, 205802311099438202246736301069502681705888988963990, 311030428987263212357401609025075059121116132058262]
Bit 167 [77190167014318745444812035790469775976166925182102, 311030428987263212357401609025075059121116132058262, 498102638565618785887473267612759285637075497559190, 685174848143974359417544926200443512153034863060118]
Bit 168 [77190167014318745444812035790469775976166925182102, 685174848143974359417544926200443512153034863060118, 1059319267300685506477688243375811965184953594061974, 1433463686457396653537831560551180418216872325063830]
Bit 169 [685174848143974359417544926200443512153034863060118, 1059319267300685506477688243375811965184953594061974, 1573767843641163333685385304491943588103841849189526, 2555896943927530094718261512077285777312628518069398]
Bit 170 [685174848143974359417544926200443512153034863060118, 2555896943927530094718261512077285777312628518069398, 4052474620554374682958834780778759589440303442076822, 5549052297181219271199408049480233401567978366084246]
Bit 171 [685174848143974359417544926200443512153034863060118, 5549052297181219271199408049480233401567978366084246, 8542207650434908447680554586883181025823328214099094, 11535363003688597624161701124286128650078678062113942]
Bit 172 [5549052297181219271199408049480233401567978366084246, 8542207650434908447680554586883181025823328214099094, 12657796261158731065342131075812234009174434255119510, 20514829063449665153605140736494971522844727606158486]
Bit 173 [5549052297181219271199408049480233401567978366084246, 20514829063449665153605140736494971522844727606158486, 32487450476464421859529726886106762019866126998217878, 44460071889479178565454313035718552516887526390277270]
Bit 174 [20514829063449665153605140736494971522844727606158486, 32487450476464421859529726886106762019866126998217878, 53439537949240246094897752647927395389653575934321814, 80377936128523448683228071484553924007951724566455446]
Bit 175 [20514829063449665153605140736494971522844727606158486, 80377936128523448683228071484553924007951724566455446, 128268421780582475506926416083001085996037322134693014, 176158907432641502330624760681448247984122919702930582]
Bit 176 [80377936128523448683228071484553924007951724566455446, 128268421780582475506926416083001085996037322134693014, 212076771671685772448398519130283619475187117879108758, 319830364388818582801719794476789733948379712407643286]
Bit 177 [80377936128523448683228071484553924007951724566455446, 319830364388818582801719794476789733948379712407643286, 511392306997054690096513172870578381900722102680593558, 702954249605290797391306551264367029853064492953543830]
Bit 178 [319830364388818582801719794476789733948379712407643286, 511392306997054690096513172870578381900722102680593558, 846625706561467877862401585059708515817321285658256534, 1277640077429999119275686686445732973710091663772394646]
Bit 179 [511392306997054690096513172870578381900722102680593558, 846625706561467877862401585059708515817321285658256534, 1852325905254707441160066821627098917567118834591245462, 2379121247427356736220748612210017699436060407841858710]
Bit 180 [511392306997054690096513172870578381900722102680593558, 2379121247427356736220748612210017699436060407841858710, 3911616788293245594579095639360326883054799530025460886, 5444112329159134452937442666510636066673538652209063062]
Bit 181 [511392306997054690096513172870578381900722102680593558, 5444112329159134452937442666510636066673538652209063062, 8509103410890912169654136720811254433911016896576267414, 11574094492622689886370830775111872801148495140943471766]
Bit 182 [5444112329159134452937442666510636066673538652209063062, 8509103410890912169654136720811254433911016896576267414, 12771356633924165556963289390073051850850635080149410966, 20769067737818023036520912938013727902860929874045084822]
Bit 183 [5444112329159134452937442666510636066673538652209063062, 20769067737818023036520912938013727902860929874045084822, 33029032064745133903387689155216201371810842851513902230, 45288996391672244770254465372418674840760755828982719638]
Bit 184 [5444112329159134452937442666510636066673538652209063062, 45288996391672244770254465372418674840760755828982719638, 69808925045526466503988017806823621778660581783920354454, 94328853699380688237721570241228568716560407738857989270]
Bit 185 [45288996391672244770254465372418674840760755828982719638, 69808925045526466503988017806823621778660581783920354454, 103523826944576021387871652404130423818272842471959602326, 167888639660943353438922227544443409530259885603670893718]
Bit 186 [69808925045526466503988017806823621778660581783920354454, 103523826944576021387871652404130423818272842471959602326, 241448425622506018640122884847658250343959363468483798166, 299683256175409795257740071879369999321471450111460680854]
Bit 187 [103523826944576021387871652404130423818272842471959602326, 241448425622506018640122884847658250343959363468483798166, 462127783507194014243724856757302772785057797062922511510, 633767284084173566379859723798137401350356578747485955222]
Bit 188 [241448425622506018640122884847658250343959363468483798166, 462127783507194014243724856757302772785057797062922511510, 888161543867911116867345330305088725831067273029963916438, 1246765500430529109723198534658261074797852227620926825622]
Bit 189 [241448425622506018640122884847658250343959363468483798166, 1246765500430529109723198534658261074797852227620926825622, 2031403217353864205202672212559219376810646658178931139734, 2816040934277199300682145890460177678823441088736935453846]
Bit 190 [241448425622506018640122884847658250343959363468483798166, 2816040934277199300682145890460177678823441088736935453846, 4385316368123869491641093246262094282849029949852944082070, 5954591801970539682600040602064010886874618810968952710294]
Bit 191 [241448425622506018640122884847658250343959363468483798166, 5954591801970539682600040602064010886874618810968952710294, 9093142669663880064517935313667844094925796533200969966742, 12231693537357220446435830025271677302976974255432987223190]
Bit 192 [5954591801970539682600040602064010886874618810968952710294, 9093142669663880064517935313667844094925796533200969966742, 12795651896395867546311701731262991082548670252396552823958, 21647346140437241592189514160083176927130507422129038992534]
Bit 193 [5954591801970539682600040602064010886874618810968952710294, 21647346140437241592189514160083176927130507422129038992534, 34201549611210603119861093006498509759335218311057108018326, 46755753081983964647532671852913842591539929199985177044118]
Bit 194 [5954591801970539682600040602064010886874618810968952710294, 46755753081983964647532671852913842591539929199985177044118, 71864160023530687702875829545744508255949350977841315095702, 96972566965077410758218987238575173920358772755697453147286]
Bit 195 [46755753081983964647532671852913842591539929199985177044118, 71864160023530687702875829545744508255949350977841315095702, 106388219568157431903972671373386673544512305922393504916630, 172297787789717579924248460317067170913587038089265867302038]
Bit 196 [71864160023530687702875829545744508255949350977841315095702, 106388219568157431903972671373386673544512305922393504916630, 247623008614357749090277933395559167906815303422834281456790, 307255475100531216346717932916031998859787680145242609329302]
Bit 197 [71864160023530687702875829545744508255949350977841315095702, 307255475100531216346717932916031998859787680145242609329302, 508122730632905000789463194458677324175063054368091713741974, 708989986165278785232208456001322649490338428590940818154646]
Bit 198 [71864160023530687702875829545744508255949350977841315095702, 708989986165278785232208456001322649490338428590940818154646, 1110724497230026354117698979086613300120889177036639026979990, 1512459008294773923003189502171903950751439925482337235805334]
Bit 199 [71864160023530687702875829545744508255949350977841315095702, 1512459008294773923003189502171903950751439925482337235805334, 2315928030424269060774170548342485252012541422373733653456022, 3119397052553764198545151594513066553273642919265130071106710]
Bit 200 [71864160023530687702875829545744508255949350977841315095702, 3119397052553764198545151594513066553273642919265130071106710, 4726335096812754474087113686854229155795845913047922906408086, 6333273141071744749629075779195391758318048906830715741709462]
Bit 201 [3119397052553764198545151594513066553273642919265130071106710, 4726335096812754474087113686854229155795845913047922906408086, 6499616337059491789870724198910394918344761326109012656301206, 11154087273848715576254962056218879565884657888179094247613590]
Bit 202 [3119397052553764198545151594513066553273642919265130071106710, 11154087273848715576254962056218879565884657888179094247613590, 17581839450884676678422810425583529975973469863310265588819094, 24009591627920637780590658794948180386062281838441436930024598]
Bit 203 [11154087273848715576254962056218879565884657888179094247613590, 17581839450884676678422810425583529975973469863310265588819094, 28830405760697608607216545071971668193628890819789815435928726, 43292848159028521087094203903042131616328717763834950953641110]
Bit 204 [11154087273848715576254962056218879565884657888179094247613590, 43292848159028521087094203903042131616328717763834950953641110, 69003856867172365495765597380500733256683965664359636318463126, 94714865575316209904436990857959334897039213564884321683285142]
Bit 205 [43292848159028521087094203903042131616328717763834950953641110, 69003856867172365495765597380500733256683965664359636318463126, 113998122106424093210940535966053286127305649490277835706901654, 171847891699747743130451171290335139818104957266458377777751190]
Bit 206 [69003856867172365495765597380500733256683965664359636318463126, 113998122106424093210940535966053286127305649490277835706901654, 248980917824179276356465351722710944739170700968032433872217238, 319686191771574848480311683785722099250147632694475318625477782]
Bit 207 [69003856867172365495765597380500733256683965664359636318463126, 319686191771574848480311683785722099250147632694475318625477782, 525374261436725603749682831605390912372989615898672801544053910, 731062331101876359019053979425059725495831599102870284462630038]
Bit 208 [319686191771574848480311683785722099250147632694475318625477782, 525374261436725603749682831605390912372989615898672801544053910, 891756135527775386573250188659175985748051898481149567992767638, 1348126540097328624827167422884066164864357548715462733218358422]
Bit 209 [525374261436725603749682831605390912372989615898672801544053910, 891756135527775386573250188659175985748051898481149567992767638, 1965190749092780890635280866343072604232883498328055181974086806, 2537260692848981428728219371216526490730787764114729431341376662]
Bit 210 [891756135527775386573250188659175985748051898481149567992767638, 1965190749092780890635280866343072604232883498328055181974086806, 3816383376079137688059621196720091922338461347165832528241271958, 5256199863735192974945219231457773614198355229595214908671304854]
Bit 211 [891756135527775386573250188659175985748051898481149567992767638, 5256199863735192974945219231457773614198355229595214908671304854, 8547208978377605059255157596572474624163826960862374635368522902, 11838218093020017143565095961687175634129298692129534362065740950]
Bit 212 [891756135527775386573250188659175985748051898481149567992767638, 11838218093020017143565095961687175634129298692129534362065740950, 18420236322304841312184972691916577654060242154663853815460177046, 25002254551589665480804849422145979673991185617198173268854613142]
Bit 213 [11838218093020017143565095961687175634129298692129534362065740950, 18420236322304841312184972691916577654060242154663853815460177046, 27219829052667072061052757109576784065471825748618427381570512022, 44748309239444137986664479612834185733784016004801131629037921430]
Bit 214 [11838218093020017143565095961687175634129298692129534362065740950, 44748309239444137986664479612834185733784016004801131629037921430, 71076382156583434661143986533751793813507789854938409442615665814, 97404455073722731335623493454669401893231563705075687256193410198]
Bit 215 [11838218093020017143565095961687175634129298692129534362065740950, 97404455073722731335623493454669401893231563705075687256193410198, 150060600908001324684582507296504618052679111405350242883348898966, 202716746742279918033541521138339834212126659105624798510504387734]
Bit 216 [97404455073722731335623493454669401893231563705075687256193410198, 150060600908001324684582507296504618052679111405350242883348898966, 222462801430134390539401151329028040271919489493227756870687696022, 360685184245115698080418562663845482690469302206448465391970854038]
Bit 217 [150060600908001324684582507296504618052679111405350242883348898966, 222462801430134390539401151329028040271919489493227756870687696022, 518653621747951478127295604189351131168811945307272132273437320342, 643711968104363137331073262063709769547499871095424201887931606166]
Bit 218 [222462801430134390539401151329028040271919489493227756870687696022, 518653621747951478127295604189351131168811945307272132273437320342, 992558934256458818267926728765868076603839874609743132917836719254, 1361151955096408971710639825658714589719972708511665022307925140630]
Bit 219 [518653621747951478127295604189351131168811945307272132273437320342, 992558934256458818267926728765868076603839874609743132917836719254, 1907459468127049377706089594267754957374241015902013536939663336598, 2677555600953373805434615171704594993706161401018528912986812359830]
Bit 220 [518653621747951478127295604189351131168811945307272132273437320342, 2677555600953373805434615171704594993706161401018528912986812359830, 4362552267650288792601303614643321910808482927427314693055788000406, 6047548934347203779767992057582048827910804453836100473124763640982]
Bit 221 [2677555600953373805434615171704594993706161401018528912986812359830, 4362552267650288792601303614643321910808482927427314693055788000406, 7258640288535611426794049375944258799578098050942415252549339882646, 11102538934437948741268057386398229579217769033062457813331690562710]
Bit 222 [4362552267650288792601303614643321910808482927427314693055788000406, 7258640288535611426794049375944258799578098050942415252549339882646, 16157528934528693702768122715214410330524733612288815153538617484438, 20738613622110931324127556919454074136396670262212701493101145007254]
Bit 223 [4362552267650288792601303614643321910808482927427314693055788000406, 20738613622110931324127556919454074136396670262212701493101145007254, 34218586955686251221461064462963889473215242473482987733652950131862, 47698560289261571118794572006473704810033814684753273974204755256470]
Bit 224 [4362552267650288792601303614643321910808482927427314693055788000406, 47698560289261571118794572006473704810033814684753273974204755256470, 74658506956412210913461587093493335483670959107293846455308365505686, 101618453623562850708128602180512966157308103529834418936411975754902]
Bit 225 [47698560289261571118794572006473704810033814684753273974204755256470, 74658506956412210913461587093493335483670959107293846455308365505686, 112202338936252847971269363962721844605357060617589604617470228997270, 182498293625014770092129647441571858178219536797456136379722806502550]
Bit 226 [47698560289261571118794572006473704810033814684753273974204755256470, 182498293625014770092129647441571858178219536797456136379722806502550, 290338080293617329270797707789650380872768114487618426304137247499414, 398177866962219888449465768137728903567316692177780716228551688496278]
Bit 227 [182498293625014770092129647441571858178219536797456136379722806502550, 290338080293617329270797707789650380872768114487618426304137247499414, 479057706963671807833466813398787795588228125445402433671862519243926, 721697226968027565985469949181964471650962425248267586001795011486870]
Bit 228 [182498293625014770092129647441571858178219536797456136379722806502550, 721697226968027565985469949181964471650962425248267586001795011486870, 1153056373642437802700142190574278562429156736008916745699452775474326, 1584415520316848039414814431966592653207351046769565905397110539461782]
Bit 229 [182498293625014770092129647441571858178219536797456136379722806502550, 1584415520316848039414814431966592653207351046769565905397110539461782, 2447133813665668512844158914751220834763739668290864224792426067436694, 3309852107014488986273503397535849016320128289812162544187741595411606]
Bit 230 [182498293625014770092129647441571858178219536797456136379722806502550, 3309852107014488986273503397535849016320128289812162544187741595411606, 5035288693712129933132192363105105379432905532854759182978372651361430, 6760725280409770879990881328674361742545682775897355821769003707311254]
Bit 231 [182498293625014770092129647441571858178219536797456136379722806502550, 6760725280409770879990881328674361742545682775897355821769003707311254, 10211598453805052773708259259812874468771237261982549099350265819210902, 13662471627200334667425637190951387194996791748067742376931527931110550]
Bit 232 [6760725280409770879990881328674361742545682775897355821769003707311254, 10211598453805052773708259259812874468771237261982549099350265819210902, 13985990987206142344961641371995622763080437481138229246704771254101142, 24015091147386180348577770984366925373673455206323322209675314266809494]
Bit 233 [6760725280409770879990881328674361742545682775897355821769003707311254, 24015091147386180348577770984366925373673455206323322209675314266809494, 37818583840967307923447282708920976278575673150664095320000362714408086, 51622076534548435498316794433475027183477891095004868430325411162006678]
Bit 234 [6760725280409770879990881328674361742545682775897355821769003707311254, 51622076534548435498316794433475027183477891095004868430325411162006678, 79229061921710690648055817882583128993282326983686414650975508057203862, 106836047308872945797794841331691230803086762872367960871625604952401046]
Bit 235 [6760725280409770879990881328674361742545682775897355821769003707311254, 106836047308872945797794841331691230803086762872367960871625604952401046, 162050018083197456097272888229907434422695634649731053312925798742795414, 217263988857521966396750935128123638042304506427094145754225992533189782]
Bit 236 [6760725280409770879990881328674361742545682775897355821769003707311254, 217263988857521966396750935128123638042304506427094145754225992533189782, 327691930406170986995707028924556045281522249981820330636826380113978518, 438119871954820007594663122720988452520739993536546515519426767694767254]
Bit 237 [6760725280409770879990881328674361742545682775897355821769003707311254, 438119871954820007594663122720988452520739993536546515519426767694767254, 658975755052118048792575310313853266999175480645998885284627542856344726, 879831638149416089990487497906718081477610967755451255049828318017922198]
Bit 238 [6760725280409770879990881328674361742545682775897355821769003707311254, 879831638149416089990487497906718081477610967755451255049828318017922198, 1321543404344012172386311873092447710434481941974355994580229868341077142, 1763255170538608254782136248278177339391352916193260734110631418664232086]
Bit 239 [6760725280409770879990881328674361742545682775897355821769003707311254, 1763255170538608254782136248278177339391352916193260734110631418664232086, 2646678702927800419573784998649636597305094864631070213171434519310541974, 3530102235316992584365433749021095855218836813068879692232237619956851862]
Bit 240 [6760725280409770879990881328674361742545682775897355821769003707311254, 3530102235316992584365433749021095855218836813068879692232237619956851862, 5296949300095376913948731249764014371046320709944498650353843821249471638, 7063796364873761243532028750506932886873804606820117608475450022542091414]
Bit 241 [6760725280409770879990881328674361742545682775897355821769003707311254, 7063796364873761243532028750506932886873804606820117608475450022542091414, 10597490494430529902698623751992769918528772400571355524718662425127330966, 14131184623987298561865218753478606950183740194322593440961874827712570518]
Bit 242 [6760725280409770879990881328674361742545682775897355821769003707311254, 14131184623987298561865218753478606950183740194322593440961874827712570518, 21198572883100835880198408756450281013493675781825069273448299632883049622, 28265961142214373198531598759421955076803611369327545105934724438053528726]
Bit 243 [6760725280409770879990881328674361742545682775897355821769003707311254, 28265961142214373198531598759421955076803611369327545105934724438053528726, 42400737660441447835197978765365303203423482544332496770907574048394486934, 56535514178668522471864358771308651330043353719337448435880423658735445142]
Bit 244 [6760725280409770879990881328674361742545682775897355821769003707311254, 56535514178668522471864358771308651330043353719337448435880423658735445142, 84805067215122671745197118783195347583283096069347351765826122879417361558, 113074620251576821018529878795082043836522838419357255095771822100099277974]
Bit 245 [6760725280409770879990881328674361742545682775897355821769003707311254, 113074620251576821018529878795082043836522838419357255095771822100099277974, 169613726324485119565195398818855436343002323119377061755663220541463110806, 226152832397393418111860918842628828849481807819396868415554618982826943638]
Bit 246 [6760725280409770879990881328674361742545682775897355821769003707311254, 226152832397393418111860918842628828849481807819396868415554618982826943638, 339231044543210015205191958890175613862440777219436481735337415865554609302, 452309256689026612298522998937722398875399746619476095055120212748282274966]
Bit 247 [6760725280409770879990881328674361742545682775897355821769003707311254, 452309256689026612298522998937722398875399746619476095055120212748282274966, 678465680980659806485185079032815968901317685419555321694685806513737606294, 904622105272293000671847159127909538927235624219634548334251400279192937622]
Bit 248 [6760725280409770879990881328674361742545682775897355821769003707311254, 904622105272293000671847159127909538927235624219634548334251400279192937622, 1356934953855559389045171319318096678979071501819793001613382587810103600278, 1809247802438825777418495479508283819030907379419951454892513775341014262934]
Bit 249 [6760725280409770879990881328674361742545682775897355821769003707311254, 1809247802438825777418495479508283819030907379419951454892513775341014262934, 2713873499605358554165143799888658099134579134620268361450776150402835588246, 3618499196771891330911792120269032379238250889820585268009038525464656913558]
Bit 250 [6760725280409770879990881328674361742545682775897355821769003707311254, 3618499196771891330911792120269032379238250889820585268009038525464656913558, 5427750591104956884405088761029780939445594400221219081125563275588299564182, 7237001985438022437898385401790529499652937910621852894242088025711942214806]
Bit 251 [6760725280409770879990881328674361742545682775897355821769003707311254, 7237001985438022437898385401790529499652937910621852894242088025711942214806, 10855504774104153544884978683312026620067624931423120520475137525959227516054, 14474007562770284651871571964833523740482311952224388146708187026206512817302]
Bit 252 [6760725280409770879990881328674361742545682775897355821769003707311254, 14474007562770284651871571964833523740482311952224388146708187026206512817302, 21711013140102546865844758527876517981311685993826923399174286026701083419798, 28948018717434809079817945090919512222141060035429458651640385027195654022294]
Bit 253 [6760725280409770879990881328674361742545682775897355821769003707311254, 28948018717434809079817945090919512222141060035429458651640385027195654022294, 43422029872099333507764318217005500703799808118634529156572583028184795227286, 57896041026763857935710691343091489185458556201839599661504781029173936432278]
Bit 254 [6760725280409770879990881328674361742545682775897355821769003707311254, 57896041026763857935710691343091489185458556201839599661504781029173936432278, 86844063336092906791603437595263466148776052368249740671369177031152218842262, 115792085645421955647496183847435443112093548534659881681233573033130501252246]
Bit 255 [6760725280409770879990881328674361742545682775897355821769003707311254, 115792085645421955647496183847435443112093548534659881681233573033130501252246, 173688130264080053359281676351779397038728540867480163700962365037087066072214, 231584174882738151071067168856123350965363533200300445720691157041043630892182]
Result [115792085645421955647496183847435443112093548534659881681233573033130501252246, 173688130264080053359281676351779397038728540867480163700962365037087066072214, 231584185235357671256912850008257144380901711876963903976270989784829966591126, 405272308738712444206423646369155212745268510198761291779877533052913325352086]
