Bit 1 [1, 2, 4, 6]
Bit 2 [1, 6, 10, 14]
Bit 3 [1, 14, 22, 30]
Bit 4 [14, 22, 33, 54]
Bit 5 [22, 33, 78, 97]
Bit 6 [33, 78, 150, 206]
Bit 7 [78, 150, 289, 406]
Bit 8 [150, 289, 590, 801]
Bit 9 [289, 590, 1174, 1614]
Bit 10 [590, 1174, 2337, 3222]
Bit 11 [1174, 2337, 4686, 6433]
Bit 12 [2337, 4686, 9366, 12878]
Bit 13 [4686, 9366, 18721, 25750]
Bit 14 [4686, 25750, 42134, 58518]
Bit 15 [25750, 42134, 70222, 107670]
Bit 16 [25750, 107670, 173206, 238742]
Bit 17 [107670, 173206, 287894, 435350]
Bit 18 [173206, 287894, 631958, 812182]
Bit 19 [287894, 631958, 1221782, 1680534]
Bit 20 [631958, 1221782, 2385046, 3318934]
Bit 21 [631958, 3318934, 5416086, 7513238]
Bit 22 [631958, 7513238, 11707542, 15901846]
Bit 23 [7513238, 11707542, 17409174, 28484758]
Bit 24 [7513238, 28484758, 45261974, 62039190]
Bit 25 [28484758, 45261974, 74622102, 112370838]
Bit 26 [28484758, 112370838, 179479702, 246588566]
Bit 27 [28484758, 246588566, 380806294, 515024022]
Bit 28 [246588566, 380806294, 565355670, 917677206]
Bit 29 [246588566, 917677206, 1454548118, 1991419030]
Bit 30 [246588566, 1991419030, 3065160854, 4138902678]
Bit 31 [246588566, 4138902678, 6286386326, 8433869974]
Bit 32 [246588566, 8433869974, 12728837270, 17023804566]
Bit 33 [8433869974, 12728837270, 17426457750, 29908706454]
Bit 34 [8433869974, 42793608342, 0, 0]
Bit 35 [42793608342, 77153346710, 111513085078, 0]
Bit 36 [42793608342, 77153346710, 137438953472, 214592300182]
Bit 37 [77153346710, 137438953472, 317671515286, 412316860416]
Bit 38 [77153346710, 412316860416, 687194767360, 962072674304]
Bit 39 [77153346710, 962072674304, 1511828488192, 2061584302080]
Bit 40 [77153346710, 2061584302080, 3161095929856, 4260607557632]
Bit 41 [2061584302080, 3161095929856, 4475199857814, 7559142440960]
Bit 42 [2061584302080, 7559142440960, 11957188952064, 16355235463168]
Bit 43 [2061584302080, 16355235463168, 25151328485376, 33947421507584]
Bit 44 [2061584302080, 33947421507584, 51539607552000, 69131793596416]
Bit 45 [33947421507584, 51539607552000, 72430328479744, 121908351729664]
Bit 46 [33947421507584, 121908351729664, 192277095907328, 262645840084992]
Bit 47 [33947421507584, 262645840084992, 403383328440320, 544120816795648]
Bit 48 [33947421507584, 544120816795648, 825595793506304, 1107070770216960]
Bit 49 [544120816795648, 825595793506304, 1159847328350208, 1951495700348928]
Bit 50 [544120816795648, 1951495700348928, 3077395607191552, 4203295514034176]
Bit 51 [1951495700348928, 3077395607191552, 5047720444166144, 7580995234562048]
Bit 52 [3077395607191552, 5047720444166144, 10958694955089920, 14054919698907136]
Bit 53 [5047720444166144, 10958694955089920, 21091794116673536, 28973093464571904]
Bit 54 [10958694955089920, 21091794116673536, 41076517463130112, 57120591135637504]
Bit 55 [10958694955089920, 57120591135637504, 93149388154601472, 129178185173565440]
Bit 56 [57120591135637504, 93149388154601472, 155073883030945792, 237264576230457344]
Bit 57 [93149388154601472, 155073883030945792, 345350967287349248, 443304259182657536]
Bit 58 [155073883030945792, 345350967287349248, 669610140458024960, 921811719590772736]
Bit 59 [345350967287349248, 669610140458024960, 1307995387637792768, 1822531645064871936]
Bit 60 [669610140458024960, 1307995387637792768, 2651193976501043200, 3613838396851486720]
Bit 61 [1307995387637792768, 2651193976501043200, 5281296158885412864, 7262879994928431104]
Bit 62 [1307995387637792768, 7262879994928431104, 11874566013355819008, 16486252031783206912]
Bit 63 [1307995387637792768, 16486252031783206912, 25709624068637982720, 34932996105492758528]
Bit 64 [16486252031783206912, 25709624068637982720, 38201483535056896000, 62603112216057085952]
Bit 65 [16486252031783206912, 62603112216057085952, 99496600363476189184, 136390088510895292416]
Bit 66 [62603112216057085952, 99496600363476189184, 164060204621459619840, 247070552953152602112]
Bit 67 [99496600363476189184, 164060204621459619840, 357751017395409911808, 459208109800812445696]
Bit 68 [99496600363476189184, 459208109800812445696, 754356014980165271552, 1049503920159518097408]
Bit 69 [459208109800812445696, 754356014980165271552, 1280088221080887492608, 1934947635697576574976]
Bit 70 [459208109800812445696, 1934947635697576574976, 3115539256414987878400, 4296130877132399181824]
Bit 71 [459208109800812445696, 4296130877132399181824, 6657314118567221788672, 9018497360002044395520]
Bit 72 [4296130877132399181824, 6657314118567221788672, 9903941075540102873088, 16102047084306512216064]
Bit 73 [6657314118567221788672, 9903941075540102873088, 23185596808610980036608, 28793407007018683727872]
Bit 74 [9903941075540102873088, 23185596808610980036608, 44436245981524383498240, 60964528671568141746176]
Bit 75 [9903941075540102873088, 60964528671568141746176, 98743460534525303455744, 136522392397482465165312]
Bit 76 [60964528671568141746176, 98743460534525303455744, 161019668527368749711360, 249859187986353950294016]
Bit 77 [60964528671568141746176, 249859187986353950294016, 400974915438182597132288, 552090642890011243970560]
Bit 78 [60964528671568141746176, 552090642890011243970560, 854322097793668537647104, 1156553552697325831323648]
Bit 79 [60964528671568141746176, 1156553552697325831323648, 1761016462504640418676736, 2365479372311955006029824]
Bit 80 [60964528671568141746176, 2365479372311955006029824, 3574405191926584180736000, 4783331011541213355442176]
Bit 81 [2365479372311955006029824, 3574405191926584180736000, 4896667807130084840570880, 8410108470385100879560704]
Bit 82 [2365479372311955006029824, 8410108470385100879560704, 13245811748843617578385408, 18081515027302134277210112]
Bit 83 [8410108470385100879560704, 13245811748843617578385408, 21708292486146021801328640, 32588624862677684373684224]
Bit 84 [8410108470385100879560704, 32588624862677684373684224, 51931437976511751168983040, 71274251090345817964281856]
Bit 85 [32588624862677684373684224, 51931437976511751168983040, 85781360925721368060755968, 129302690431848018350178304]
Bit 86 [32588624862677684373684224, 129302690431848018350178304, 206673942887184285531373568, 284045195342520552712568832]
Bit 87 [32588624862677684373684224, 284045195342520552712568832, 438787700253193087074959360, 593530205163865621437349888]
Bit 88 [32588624862677684373684224, 593530205163865621437349888, 903015214985210690162130944, 1212500224806555758886912000]
Bit 89 [593530205163865621437349888, 903015214985210690162130944, 1270528664148057959272808448, 2140955254270590965061255168]
Bit 90 [903015214985210690162130944, 1270528664148057959272808448, 3069410283734626171235598336, 3746408742718818509071056896]
Bit 91 [1270528664148057959272808448, 3069410283734626171235598336, 5854775372126731789758627840, 8021170440876147270832095232]
Bit 92 [3069410283734626171235598336, 5854775372126731789758627840, 11174048978431100158465802240, 15758295686409773988951621632]
Bit 93 [3069410283734626171235598336, 15758295686409773988951621632, 25661816000692816188144615424, 35565336314975858387337609216]
Bit 94 [15758295686409773988951621632, 25661816000692816188144615424, 42683491540866794968007573504, 65275897257824984984916590592]
Bit 95 [15758295686409773988951621632, 65275897257824984984916590592, 104889978514957153781688565760, 144504059772089322578460540928]
Bit 96 [15758295686409773988951621632, 144504059772089322578460540928, 223732222286353660172004491264, 302960384800617997765548441600]
Bit 97 [144504059772089322578460540928, 223732222286353660172004491264, 332670945743467124363127422976, 540644872343411010546180292608]
Bit 98 [144504059772089322578460540928, 540644872343411010546180292608, 857557522400468360920356093952, 1174470172457525711294531895296]
Bit 99 [144504059772089322578460540928, 1174470172457525711294531895296, 1808295472571640412042883497984, 2442120772685755112791235100672]
Bit 100 [144504059772089322578460540928, 2442120772685755112791235100672, 3709771372913984514287938306048, 4977421973142213915784641511424]
Bit 101 [144504059772089322578460540928, 4977421973142213915784641511424, 7512723173598672718778047922176, 10048024374055131521771454332928]
Bit 102 [4977421973142213915784641511424, 7512723173598672718778047922176, 10285708861597924534552086183936, 17653927975424507930751673565184]
Bit 103 [4977421973142213915784641511424, 17653927975424507930751673565184, 27795132777250343142725299208192, 37936337579076178354698924851200]
Bit 104 [17653927975424507930751673565184, 27795132777250343142725299208192, 45542241180445554763679144083456, 68359951984553683990619801780224]
Bit 105 [17653927975424507930751673565184, 68359951984553683990619801780224, 108924771191857024838514304352256, 149489590399160365686408806924288]
Bit 106 [17653927975424507930751673565184, 149489590399160365686408806924288, 230619228813767047382197812068352, 311748867228373729077986817212416]
Bit 107 [17653927975424507930751673565184, 311748867228373729077986817212416, 474008144057587092469564827500544, 636267420886800455861142837788672]
Bit 108 [311748867228373729077986817212416, 474008144057587092469564827500544, 666691035292277961497063714717696, 1123045251374440546035876868653056]
Bit 109 [474008144057587092469564827500544, 666691035292277961497063714717696, 1609823081862080636210610899517440, 1964765249925984868629687797022720]
Bit 110 [474008144057587092469564827500544, 1964765249925984868629687797022720, 3262839464559691775762311879327744, 4560913679193398682894935961632768]
Bit 111 [474008144057587092469564827500544, 4560913679193398682894935961632768, 7157062108460812497160184126242816, 9753210537728226311425432290852864]
Bit 112 [474008144057587092469564827500544, 9753210537728226311425432290852864, 14945507396263053939955928620072960, 20137804254797881568486424949293056]
Bit 113 [9753210537728226311425432290852864, 14945507396263053939955928620072960, 21243195578196897606591550144380928, 35714694830402364454077913936953344]
Bit 114 [14945507396263053939955928620072960, 21243195578196897606591550144380928, 51291585406006847339669402924613632, 62781570446475518634835520778141696]
Bit 115 [14945507396263053939955928620072960, 62781570446475518634835520778141696, 104319945314754139663079491411902464, 145858320183032760691323462045663232]
Bit 116 [14945507396263053939955928620072960, 145858320183032760691323462045663232, 228935069919590002747811403313184768, 312011819656147244804299344580706304]
Bit 117 [145858320183032760691323462045663232, 228935069919590002747811403313184768, 347252506342492022165907693690159104, 561242068865818970973763168383270912]
Bit 118 [228935069919590002747811403313184768, 347252506342492022165907693690159104, 810472318075490697143226992185835520, 1011866504234949958617811223830331392]
Bit 119 [228935069919590002747811403313184768, 1011866504234949958617811223830331392, 1676480502127407895069714753970503680, 2341094500019865831521618284110675968]
Bit 120 [228935069919590002747811403313184768, 2341094500019865831521618284110675968, 3670322495804781704425425344391020544, 4999550491589697577329232404671365120]
Bit 121 [2341094500019865831521618284110675968, 3670322495804781704425425344391020544, 5545847053059253494363039644434563072, 8987234478944445196040653585512398848]
Bit 122 [2341094500019865831521618284110675968, 8987234478944445196040653585512398848, 14304146462084108687655881826633777152, 19621058445223772179271110067755155456]
Bit 123 [8987234478944445196040653585512398848, 14304146462084108687655881826633777152, 23608742432578519797982531248596189184, 35571794394642762654116794791119290368]
Bit 124 [14304146462084108687655881826633777152, 23608742432578519797982531248596189184, 51522530344061753128962479514483425280, 66144038297695827730904357177567215616]
Bit 125 [23608742432578519797982531248596189184, 51522530344061753128962479514483425280, 99374738192318724553499533684575830016, 136593122074296368994806131372425478144]
Bit 126 [23608742432578519797982531248596189184, 136593122074296368994806131372425478144, 221663713804530984860649783230367531008, 306734305534765600726493435088309583872]
Bit 127 [23608742432578519797982531248596189184, 306734305534765600726493435088309583872, 476875488995234832458180738804193689600, 647016672455704064189868042520077795328]
Bit 128 [306734305534765600726493435088309583872, 476875488995234832458180738804193689600, 704173476274455446724731746112132612096, 1157440222837111759384929953667730112512]
Bit 129 [306734305534765600726493435088309583872, 1157440222837111759384929953667730112512, 1838004956678988686311679168531266535424, 2518569690520865613238428383394802958336]
Bit 130 [1157440222837111759384929953667730112512, 1838004956678988686311679168531266535424, 3028993240902273308433490294542455275520, 4560263892046496394018676027985412227072]
Bit 131 [1838004956678988686311679168531266535424, 3028993240902273308433490294542455275520, 6601958093572127174798923672576021495808, 8473511111637288723847484013450746658816]
Bit 132 [3028993240902273308433490294542455275520, 6601958093572127174798923672576021495808, 12727040698149019517139666606347849302016, 17490993835042158005626911110392604262400]
Bit 133 [6601958093572127174798923672576021495808, 12727040698149019517139666606347849302016, 24807064723842334970089465170175620808704, 34505112181089081178795641481981014835200]
Bit 134 [12727040698149019517139666606347849302016, 24807064723842334970089465170175620808704, 50158101059452250498110873423842352562176, 68363207689722458293401414921441951875072]
Bit 135 [12727040698149019517139666606347849302016, 68363207689722458293401414921441951875072, 111919350655602581616713364672708282941440, 155475493621482704940025314423974614007808]
Bit 136 [68363207689722458293401414921441951875072, 111919350655602581616713364672708282941440, 186951612561669512810387465611413173567488, 286143922519123074909961163677773607206912]
Bit 137 [111919350655602581616713364672708282941440, 186951612561669512810387465611413173567488, 416812351416763444879897012931572600406016, 535400756288710499396883063621543822098432]
Bit 138 [186951612561669512810387465611413173567488, 416812351416763444879897012931572600406016, 808817638109684554789704560692969580003328, 1113710638870845418052888208951833897467904]
Bit 139 [186951612561669512810387465611413173567488, 1113710638870845418052888208951833897467904, 1810608926324927391225879404972095194529792, 2507507213779009364398870600992356491591680]
Bit 140 [1113710638870845418052888208951833897467904, 1810608926324927391225879404972095194529792, 2974544762377997405502352249692458361815040, 4598202076141255283917844189053140382777344]
Bit 141 [1810608926324927391225879404972095194529792, 2974544762377997405502352249692458361815040, 6688896938503501203436817777113924273963008, 8549731062010653190886281817854548738310144]
Bit 142 [2974544762377997405502352249692458361815040, 6688896938503501203436817777113924273963008, 12960981525590238961993738541296275947520000, 17839269537768812774204676913438105026953216]
Bit 143 [2974544762377997405502352249692458361815040, 17839269537768812774204676913438105026953216, 28989642137034124344972536049762285779943424, 40140014736299435915740395186086466532933632]
Bit 144 [2974544762377997405502352249692458361815040, 40140014736299435915740395186086466532933632, 62440759934830059057276113458734828038914048, 84741505133360682198811831731383189544894464]
Bit 145 [40140014736299435915740395186086466532933632, 62440759934830059057276113458734828038914048, 92177525556500489971645225340285904385736704, 151643740728952551623418986549328274062835712]
Bit 146 [40140014736299435915740395186086466532933632, 151643740728952551623418986549328274062835712, 240846721523075044189561859639921720086757376, 330049702317197536755704732730515166110679040]
Bit 147 [40140014736299435915740395186086466532933632, 330049702317197536755704732730515166110679040, 508455663905442521887990478911702058158522368, 686861625493687507020276225092888950206365696]
Bit 148 [330049702317197536755704732730515166110679040, 508455663905442521887990478911702058158522368, 753763861089279376444883379910834034724306944, 1222079510258422462417133463636449626349895680]
Bit 149 [508455663905442521887990478911702058158522368, 753763861089279376444883379910834034724306944, 1757297395023157417813990702180010302493425664, 2181011553795239257503169349360329171107053568]
Bit 150 [753763861089279376444883379910834034724306944, 1757297395023157417813990702180010302493425664, 3362951049317362284004562417810692330924015616, 4611792780435077179930562641079000575258918912]
Bit 151 [753763861089279376444883379910834034724306944, 4611792780435077179930562641079000575258918912, 7466288165846996942047134579977990848024412160, 10320783551258916704163706518876981120789905408]
Bit 152 [4611792780435077179930562641079000575258918912, 7466288165846996942047134579977990848024412160, 12171745402736958424911171135506795125786279936, 18884269707494675990513422335573951939086385152]
Bit 153 [4611792780435077179930562641079000575258918912, 18884269707494675990513422335573951939086385152, 30302251249142355038979710091169913030148358144, 41720232790790034087445997846765874121210331136]
Bit 154 [4611792780435077179930562641079000575258918912, 41720232790790034087445997846765874121210331136, 64556195874085392184378573357957796303334277120, 87392158957380750281311148869149718485458223104]
Bit 155 [41720232790790034087445997846765874121210331136, 64556195874085392184378573357957796303334277120, 95955645113616509567660864685846689303754702848, 155900048207266824572108875402725485031830061056]
Bit 156 [64556195874085392184378573357957796303334277120, 95955645113616509567660864685846689303754702848, 224407937457152898862906601936301251578201899008, 278643349779979374343121468775382066760746270720]
Bit 157 [64556195874085392184378573357957796303334277120, 278643349779979374343121468775382066760746270720, 461331054446342239118582072864917444217737838592, 644018759112705103894042676954452821674729406464]
Bit 158 [278643349779979374343121468775382066760746270720, 461331054446342239118582072864917444217737838592, 795307014539536851286220989716099306131300548608, 1192081873111793698220424489223058954045704110080]
Bit 159 [278643349779979374343121468775382066760746270720, 1192081873111793698220424489223058954045704110080, 1922832691777245157322266905581200463873670381568, 2653583510442696616424109321939341973701636653056]
Bit 160 [1192081873111793698220424489223058954045704110080, 1922832691777245157322266905581200463873670381568, 3201646624441785210750491134207948106072611356672, 4845835966439050993729636571013766503185535467520]
Bit 161 [1922832691777245157322266905581200463873670381568, 3201646624441785210750491134207948106072611356672, 7038088422435405371035163820088191032669434281984, 9047653173765396883565230465073080184696341528576]
Bit 162 [3201646624441785210750491134207948106072611356672, 7038088422435405371035163820088191032669434281984, 13614845790424468502951745567311464621121130725376, 18730101521082628716664642481818455189916894625792]
Bit 163 [3201646624441785210750491134207948106072611356672, 18730101521082628716664642481818455189916894625792, 30422114619729852062294121143548719347164354969600, 42114127718377075407923599805278983504411815313408]
Bit 164 [18730101521082628716664642481818455189916894625792, 30422114619729852062294121143548719347164354969600, 49969699019030678593268405781129004735062452731904, 77190167014318745444812035790469775976154196344832]
Bit 165 [18730101521082628716664642481818455189916894625792, 77190167014318745444812035790469775976154196344832, 123958219408907638827329950437390832605144037720064, 170726271803496532209847865084311889234133879095296]
Bit 166 [77190167014318745444812035790469775976154196344832, 123958219408907638827329950437390832605144037720064, 205802311099438202246736301069502681705876260126720, 311030428987263212357401609025075059121103403220992]
Bit 167 [77190167014318745444812035790469775976154196344832, 311030428987263212357401609025075059121103403220992, 498102638565618785887473267612759285637062768721920, 685174848143974359417544926200443512153022134222848]
Bit 168 [77190167014318745444812035790469775976154196344832, 685174848143974359417544926200443512153022134222848, 1059319267300685506477688243375811965184940865224704, 1433463686457396653537831560551180418216859596226560]
Bit 169 [685174848143974359417544926200443512153022134222848, 1059319267300685506477688243375811965184940865224704, 1573767843641163333685385304491943588103829120352256, 2555896943927530094718261512077285777312615789232128]
Bit 170 [685174848143974359417544926200443512153022134222848, 2555896943927530094718261512077285777312615789232128, 4052474620554374682958834780778759589440290713239552, 5549052297181219271199408049480233401567965637246976]
Bit 171 [685174848143974359417544926200443512153022134222848, 5549052297181219271199408049480233401567965637246976, 8542207650434908447680554586883181025823315485261824, 11535363003688597624161701124286128650078665333276672]
Bit 172 [5549052297181219271199408049480233401567965637246976, 8542207650434908447680554586883181025823315485261824, 12657796261158731065342131075812234009174421526282240, 20514829063449665153605140736494971522844714877321216]
Bit 173 [5549052297181219271199408049480233401567965637246976, 20514829063449665153605140736494971522844714877321216, 32487450476464421859529726886106762019866114269380608, 44460071889479178565454313035718552516887513661440000]
Bit 174 [20514829063449665153605140736494971522844714877321216, 32487450476464421859529726886106762019866114269380608, 53439537949240246094897752647927395389653563205484544, 80377936128523448683228071484553924007951711837618176]
Bit 175 [20514829063449665153605140736494971522844714877321216, 80377936128523448683228071484553924007951711837618176, 128268421780582475506926416083001085996037309405855744, 176158907432641502330624760681448247984122906974093312]
Bit 176 [80377936128523448683228071484553924007951711837618176, 128268421780582475506926416083001085996037309405855744, 212076771671685772448398519130283619475187105150271488, 319830364388818582801719794476789733948379699678806016]
Bit 177 [80377936128523448683228071484553924007951711837618176, 319830364388818582801719794476789733948379699678806016, 511392306997054690096513172870578381900722089951756288, 702954249605290797391306551264367029853064480224706560]
Bit 178 [319830364388818582801719794476789733948379699678806016, 511392306997054690096513172870578381900722089951756288, 846625706561467877862401585059708515817321272929419264, 1277640077429999119275686686445732973710091651043557376]
Bit 179 [511392306997054690096513172870578381900722089951756288, 846625706561467877862401585059708515817321272929419264, 1852325905254707441160066821627098917567118821862408192, 2379121247427356736220748612210017699436060395113021440]
Bit 180 [511392306997054690096513172870578381900722089951756288, 2379121247427356736220748612210017699436060395113021440, 3911616788293245594579095639360326883054799517296623616, 5444112329159134452937442666510636066673538639480225792]
Bit 181 [511392306997054690096513172870578381900722089951756288, 5444112329159134452937442666510636066673538639480225792, 8509103410890912169654136720811254433911016883847430144, 11574094492622689886370830775111872801148495128214634496]
Bit 182 [5444112329159134452937442666510636066673538639480225792, 8509103410890912169654136720811254433911016883847430144, 12771356633924165556963289390073051850850635067420573696, 20769067737818023036520912938013727902860929861316247552]
Bit 183 [5444112329159134452937442666510636066673538639480225792, 20769067737818023036520912938013727902860929861316247552, 33029032064745133903387689155216201371810842838785064960, 45288996391672244770254465372418674840760755816253882368]
Bit 184 [5444112329159134452937442666510636066673538639480225792, 45288996391672244770254465372418674840760755816253882368, 69808925045526466503988017806823621778660581771191517184, 94328853699380688237721570241228568716560407726129152000]
Bit 185 [45288996391672244770254465372418674840760755816253882368, 69808925045526466503988017806823621778660581771191517184, 103523826944576021387871652404130423818272842459230765056, 167888639660943353438922227544443409530259885590942056448]
Bit 186 [69808925045526466503988017806823621778660581771191517184, 103523826944576021387871652404130423818272842459230765056, 241448425622506018640122884847658250343959363455754960896, 299683256175409795257740071879369999321471450098731843584]
Bit 187 [103523826944576021387871652404130423818272842459230765056, 241448425622506018640122884847658250343959363455754960896, 462127783507194014243724856757302772785057797050193674240, 633767284084173566379859723798137401350356578734757117952]
Bit 188 [241448425622506018640122884847658250343959363455754960896, 462127783507194014243724856757302772785057797050193674240, 888161543867911116867345330305088725831067273017235079168, 1246765500430529109723198534658261074797852227608197988352]
Bit 189 [241448425622506018640122884847658250343959363455754960896, 1246765500430529109723198534658261074797852227608197988352, 2031403217353864205202672212559219376810646658166202302464, 2816040934277199300682145890460177678823441088724206616576]
Bit 190 [241448425622506018640122884847658250343959363455754960896, 2816040934277199300682145890460177678823441088724206616576, 4385316368123869491641093246262094282849029949840215244800, 5954591801970539682600040602064010886874618810956223873024]
Bit 191 [241448425622506018640122884847658250343959363455754960896, 5954591801970539682600040602064010886874618810956223873024, 9093142669663880064517935313667844094925796533188241129472, 12231693537357220446435830025271677302976974255420258385920]
Bit 192 [5954591801970539682600040602064010886874618810956223873024, 9093142669663880064517935313667844094925796533188241129472, 12795651896395867546311701731262991082548670252383823986688, 21647346140437241592189514160083176927130507422116310155264]
Bit 193 [5954591801970539682600040602064010886874618810956223873024, 21647346140437241592189514160083176927130507422116310155264, 34201549611210603119861093006498509759335218311044379181056, 46755753081983964647532671852913842591539929199972448206848]
Bit 194 [5954591801970539682600040602064010886874618810956223873024, 46755753081983964647532671852913842591539929199972448206848, 71864160023530687702875829545744508255949350977828586258432, 96972566965077410758218987238575173920358772755684724310016]
Bit 195 [46755753081983964647532671852913842591539929199972448206848, 71864160023530687702875829545744508255949350977828586258432, 106388219568157431903972671373386673544512305922380776079360, 172297787789717579924248460317067170913587038089253138464768]
Bit 196 [71864160023530687702875829545744508255949350977828586258432, 106388219568157431903972671373386673544512305922380776079360, 247623008614357749090277933395559167906815303422821552619520, 307255475100531216346717932916031998859787680145229880492032]
Bit 197 [71864160023530687702875829545744508255949350977828586258432, 307255475100531216346717932916031998859787680145229880492032, 508122730632905000789463194458677324175063054368078984904704, 708989986165278785232208456001322649490338428590928089317376]
Bit 198 [71864160023530687702875829545744508255949350977828586258432, 708989986165278785232208456001322649490338428590928089317376, 1110724497230026354117698979086613300120889177036626298142720, 1512459008294773923003189502171903950751439925482324506968064]
Bit 199 [71864160023530687702875829545744508255949350977828586258432, 1512459008294773923003189502171903950751439925482324506968064, 2315928030424269060774170548342485252012541422373720924618752, 3119397052553764198545151594513066553273642919265117342269440]
Bit 200 [71864160023530687702875829545744508255949350977828586258432, 3119397052553764198545151594513066553273642919265117342269440, 4726335096812754474087113686854229155795845913047910177570816, 6333273141071744749629075779195391758318048906830703012872192]
Bit 201 [3119397052553764198545151594513066553273642919265117342269440, 4726335096812754474087113686854229155795845913047910177570816, 6499616337059491789870724198910394918344761326108999927463936, 11154087273848715576254962056218879565884657888179081518776320]
Bit 202 [3119397052553764198545151594513066553273642919265117342269440, 11154087273848715576254962056218879565884657888179081518776320, 17581839450884676678422810425583529975973469863310252859981824, 24009591627920637780590658794948180386062281838441424201187328]
Bit 203 [11154087273848715576254962056218879565884657888179081518776320, 17581839450884676678422810425583529975973469863310252859981824, 28830405760697608607216545071971668193628890819789802707091456, 43292848159028521087094203903042131616328717763834938224803840]
Bit 204 [11154087273848715576254962056218879565884657888179081518776320, 43292848159028521087094203903042131616328717763834938224803840, 69003856867172365495765597380500733256683965664359623589625856, 94714865575316209904436990857959334897039213564884308954447872]
Bit 205 [43292848159028521087094203903042131616328717763834938224803840, 69003856867172365495765597380500733256683965664359623589625856, 113998122106424093210940535966053286127305649490277822978064384, 171847891699747743130451171290335139818104957266458365048913920]
Bit 206 [69003856867172365495765597380500733256683965664359623589625856, 113998122106424093210940535966053286127305649490277822978064384, 248980917824179276356465351722710944739170700968032421143379968, 319686191771574848480311683785722099250147632694475305896640512]
Bit 207 [69003856867172365495765597380500733256683965664359623589625856, 319686191771574848480311683785722099250147632694475305896640512, 525374261436725603749682831605390912372989615898672788815216640, 731062331101876359019053979425059725495831599102870271733792768]
Bit 208 [319686191771574848480311683785722099250147632694475305896640512, 525374261436725603749682831605390912372989615898672788815216640, 891756135527775386573250188659175985748051898481149555263930368, 1348126540097328624827167422884066164864357548715462720489521152]
Bit 209 [525374261436725603749682831605390912372989615898672788815216640, 891756135527775386573250188659175985748051898481149555263930368, 1965190749092780890635280866343072604232883498328055169245249536, 2537260692848981428728219371216526490730787764114729418612539392]
Bit 210 [891756135527775386573250188659175985748051898481149555263930368, 1965190749092780890635280866343072604232883498328055169245249536, 3816383376079137688059621196720091922338461347165832515512434688, 5256199863735192974945219231457773614198355229595214895942467584]
Bit 211 [891756135527775386573250188659175985748051898481149555263930368, 5256199863735192974945219231457773614198355229595214895942467584, 8547208978377605059255157596572474624163826960862374622639685632, 11838218093020017143565095961687175634129298692129534349336903680]
Bit 212 [891756135527775386573250188659175985748051898481149555263930368, 11838218093020017143565095961687175634129298692129534349336903680, 18420236322304841312184972691916577654060242154663853802731339776, 25002254551589665480804849422145979673991185617198173256125775872]
Bit 213 [11838218093020017143565095961687175634129298692129534349336903680, 18420236322304841312184972691916577654060242154663853802731339776, 27219829052667072061052757109576784065471825748618427368841674752, 44748309239444137986664479612834185733784016004801131616309084160]
Bit 214 [11838218093020017143565095961687175634129298692129534349336903680, 44748309239444137986664479612834185733784016004801131616309084160, 71076382156583434661143986533751793813507789854938409429886828544, 97404455073722731335623493454669401893231563705075687243464572928]
Bit 215 [11838218093020017143565095961687175634129298692129534349336903680, 97404455073722731335623493454669401893231563705075687243464572928, 150060600908001324684582507296504618052679111405350242870620061696, 202716746742279918033541521138339834212126659105624798497775550464]
Bit 216 [97404455073722731335623493454669401893231563705075687243464572928, 150060600908001324684582507296504618052679111405350242870620061696, 222462801430134390539401151329028040271919489493227756857958858752, 360685184245115698080418562663845482690469302206448465379242016768]
Bit 217 [150060600908001324684582507296504618052679111405350242870620061696, 222462801430134390539401151329028040271919489493227756857958858752, 518653621747951478127295604189351131168811945307272132260708483072, 643711968104363137331073262063709769547499871095424201875202768896]
Bit 218 [222462801430134390539401151329028040271919489493227756857958858752, 518653621747951478127295604189351131168811945307272132260708483072, 992558934256458818267926728765868076603839874609743132905107881984, 1361151955096408971710639825658714589719972708511665022295196303360]
Bit 219 [518653621747951478127295604189351131168811945307272132260708483072, 992558934256458818267926728765868076603839874609743132905107881984, 1907459468127049377706089594267754957374241015902013536926934499328, 2677555600953373805434615171704594993706161401018528912974083522560]
Bit 220 [518653621747951478127295604189351131168811945307272132260708483072, 2677555600953373805434615171704594993706161401018528912974083522560, 4362552267650288792601303614643321910808482927427314693043059163136, 6047548934347203779767992057582048827910804453836100473112034803712]
Bit 221 [2677555600953373805434615171704594993706161401018528912974083522560, 4362552267650288792601303614643321910808482927427314693043059163136, 7258640288535611426794049375944258799578098050942415252536611045376, 11102538934437948741268057386398229579217769033062457813318961725440]
Bit 222 [4362552267650288792601303614643321910808482927427314693043059163136, 7258640288535611426794049375944258799578098050942415252536611045376, 16157528934528693702768122715214410330524733612288815153525888647168, 20738613622110931324127556919454074136396670262212701493088416169984]
Bit 223 [4362552267650288792601303614643321910808482927427314693043059163136, 20738613622110931324127556919454074136396670262212701493088416169984, 34218586955686251221461064462963889473215242473482987733640221294592, 47698560289261571118794572006473704810033814684753273974192026419200]
Bit 224 [4362552267650288792601303614643321910808482927427314693043059163136, 47698560289261571118794572006473704810033814684753273974192026419200, 74658506956412210913461587093493335483670959107293846455295636668416, 101618453623562850708128602180512966157308103529834418936399246917632]
Bit 225 [47698560289261571118794572006473704810033814684753273974192026419200, 74658506956412210913461587093493335483670959107293846455295636668416, 112202338936252847971269363962721844605357060617589604617457500160000, 182498293625014770092129647441571858178219536797456136379710077665280]
Bit 226 [47698560289261571118794572006473704810033814684753273974192026419200, 182498293625014770092129647441571858178219536797456136379710077665280, 290338080293617329270797707789650380872768114487618426304124518662144, 398177866962219888449465768137728903567316692177780716228538959659008]
Bit 227 [182498293625014770092129647441571858178219536797456136379710077665280, 290338080293617329270797707789650380872768114487618426304124518662144, 479057706963671807833466813398787795588228125445402433671849790406656, 721697226968027565985469949181964471650962425248267586001782282649600]
Bit 228 [182498293625014770092129647441571858178219536797456136379710077665280, 721697226968027565985469949181964471650962425248267586001782282649600, 1153056373642437802700142190574278562429156736008916745699440046637056, 1584415520316848039414814431966592653207351046769565905397097810624512]
Bit 229 [182498293625014770092129647441571858178219536797456136379710077665280, 1584415520316848039414814431966592653207351046769565905397097810624512, 2447133813665668512844158914751220834763739668290864224792413338599424, 3309852107014488986273503397535849016320128289812162544187728866574336]
Bit 230 [182498293625014770092129647441571858178219536797456136379710077665280, 3309852107014488986273503397535849016320128289812162544187728866574336, 5035288693712129933132192363105105379432905532854759182978359922524160, 6760725280409770879990881328674361742545682775897355821768990978473984]
Bit 231 [182498293625014770092129647441571858178219536797456136379710077665280, 6760725280409770879990881328674361742545682775897355821768990978473984, 10211598453805052773708259259812874468771237261982549099350253090373632, 13662471627200334667425637190951387194996791748067742376931515202273280]
Bit 232 [6760725280409770879990881328674361742545682775897355821768990978473984, 10211598453805052773708259259812874468771237261982549099350253090373632, 13985990987206142344961641371995622763080437481138229246704758525263872, 24015091147386180348577770984366925373673455206323322209675301537972224]
Bit 233 [6760725280409770879990881328674361742545682775897355821768990978473984, 24015091147386180348577770984366925373673455206323322209675301537972224, 37818583840967307923447282708920976278575673150664095320000349985570816, 51622076534548435498316794433475027183477891095004868430325398433169408]
Bit 234 [6760725280409770879990881328674361742545682775897355821768990978473984, 51622076534548435498316794433475027183477891095004868430325398433169408, 79229061921710690648055817882583128993282326983686414650975495328366592, 106836047308872945797794841331691230803086762872367960871625592223563776]
Bit 235 [6760725280409770879990881328674361742545682775897355821768990978473984, 106836047308872945797794841331691230803086762872367960871625592223563776, 162050018083197456097272888229907434422695634649731053312925786013958144, 217263988857521966396750935128123638042304506427094145754225979804352512]
Bit 236 [6760725280409770879990881328674361742545682775897355821768990978473984, 217263988857521966396750935128123638042304506427094145754225979804352512, 327691930406170986995707028924556045281522249981820330636826367385141248, 438119871954820007594663122720988452520739993536546515519426754965929984]
Bit 237 [6760725280409770879990881328674361742545682775897355821768990978473984, 438119871954820007594663122720988452520739993536546515519426754965929984, 658975755052118048792575310313853266999175480645998885284627530127507456, 879831638149416089990487497906718081477610967755451255049828305289084928]
Bit 238 [6760725280409770879990881328674361742545682775897355821768990978473984, 879831638149416089990487497906718081477610967755451255049828305289084928, 1321543404344012172386311873092447710434481941974355994580229855612239872, 1763255170538608254782136248278177339391352916193260734110631405935394816]
Bit 239 [6760725280409770879990881328674361742545682775897355821768990978473984, 1763255170538608254782136248278177339391352916193260734110631405935394816, 2646678702927800419573784998649636597305094864631070213171434506581704704, 3530102235316992584365433749021095855218836813068879692232237607228014592]
Bit 240 [6760725280409770879990881328674361742545682775897355821768990978473984, 3530102235316992584365433749021095855218836813068879692232237607228014592, 5296949300095376913948731249764014371046320709944498650353843808520634368, 7063796364873761243532028750506932886873804606820117608475450009813254144]
Bit 241 [6760725280409770879990881328674361742545682775897355821768990978473984, 7063796364873761243532028750506932886873804606820117608475450009813254144, 10597490494430529902698623751992769918528772400571355524718662412398493696, 14131184623987298561865218753478606950183740194322593440961874814983733248]
Bit 242 [6760725280409770879990881328674361742545682775897355821768990978473984, 14131184623987298561865218753478606950183740194322593440961874814983733248, 21198572883100835880198408756450281013493675781825069273448299620154212352, 28265961142214373198531598759421955076803611369327545105934724425324691456]
Bit 243 [6760725280409770879990881328674361742545682775897355821768990978473984, 28265961142214373198531598759421955076803611369327545105934724425324691456, 42400737660441447835197978765365303203423482544332496770907574035665649664, 56535514178668522471864358771308651330043353719337448435880423646006607872]
Bit 244 [6760725280409770879990881328674361742545682775897355821768990978473984, 56535514178668522471864358771308651330043353719337448435880423646006607872, 84805067215122671745197118783195347583283096069347351765826122866688524288, 113074620251576821018529878795082043836522838419357255095771822087370440704]
Bit 245 [6760725280409770879990881328674361742545682775897355821768990978473984, 113074620251576821018529878795082043836522838419357255095771822087370440704, 169613726324485119565195398818855436343002323119377061755663220528734273536, 226152832397393418111860918842628828849481807819396868415554618970098106368]
Bit 246 [6760725280409770879990881328674361742545682775897355821768990978473984, 226152832397393418111860918842628828849481807819396868415554618970098106368, 339231044543210015205191958890175613862440777219436481735337415852825772032, 452309256689026612298522998937722398875399746619476095055120212735553437696]
Bit 247 [6760725280409770879990881328674361742545682775897355821768990978473984, 452309256689026612298522998937722398875399746619476095055120212735553437696, 678465680980659806485185079032815968901317685419555321694685806501008769024, 904622105272293000671847159127909538927235624219634548334251400266464100352]
Bit 248 [6760725280409770879990881328674361742545682775897355821768990978473984, 904622105272293000671847159127909538927235624219634548334251400266464100352, 1356934953855559389045171319318096678979071501819793001613382587797374763008, 1809247802438825777418495479508283819030907379419951454892513775328285425664]
Bit 249 [6760725280409770879990881328674361742545682775897355821768990978473984, 1809247802438825777418495479508283819030907379419951454892513775328285425664, 2713873499605358554165143799888658099134579134620268361450776150390106750976, 3618499196771891330911792120269032379238250889820585268009038525451928076288]
Bit 250 [6760725280409770879990881328674361742545682775897355821768990978473984, 3618499196771891330911792120269032379238250889820585268009038525451928076288, 5427750591104956884405088761029780939445594400221219081125563275575570726912, 7237001985438022437898385401790529499652937910621852894242088025699213377536]
Bit 251 [6760725280409770879990881328674361742545682775897355821768990978473984, 7237001985438022437898385401790529499652937910621852894242088025699213377536, 10855504774104153544884978683312026620067624931423120520475137525946498678784, 14474007562770284651871571964833523740482311952224388146708187026193783980032]
Bit 252 [6760725280409770879990881328674361742545682775897355821768990978473984, 14474007562770284651871571964833523740482311952224388146708187026193783980032, 21711013140102546865844758527876517981311685993826923399174286026688354582528, 28948018717434809079817945090919512222141060035429458651640385027182925185024]
Bit 253 [6760725280409770879990881328674361742545682775897355821768990978473984, 28948018717434809079817945090919512222141060035429458651640385027182925185024, 43422029872099333507764318217005500703799808118634529156572583028172066390016, 57896041026763857935710691343091489185458556201839599661504781029161207595008]
Bit 254 [6760725280409770879990881328674361742545682775897355821768990978473984, 57896041026763857935710691343091489185458556201839599661504781029161207595008, 86844063336092906791603437595263466148776052368249740671369177031139490004992, 115792085645421955647496183847435443112093548534659881681233573033117772414976]
Bit 255 [6760725280409770879990881328674361742545682775897355821768990978473984, 115792085645421955647496183847435443112093548534659881681233573033117772414976, 173688130264080053359281676351779397038728540867480163700962365037074337234944, 231584174882738151071067168856123350965363533200300445720691157041030902054912]
[115792085645421955647496183847435443112093548534659881681233573033117772414976, 173688130264080053359281676351779397038728540867480163700962365037074337234944, 231584185235357671256912850008257144380901711876963903976270989784817237753856, 405272308738712444206423646369155212745268510198761291779877533052900596514816]
